tucheng 16 46 4002028 0 1 1
tucheng 23 52 4002028 0 1 1
tucheng 82 42 4002028 0 1 1
tucheng 76 43 4002028 0 1 1
biqi 72 80 4005010 0 1 1
biqi 77 75 4005010 0 1 1
xinshou 43 100 1001001 5 28 1
xinshou 21 74 1001002 5 28 1
xinshou 29 85 1001003 5 30 1
xinshou 13 64 1001004 5 28 1
xinshou 69 54 1001006 7 26 1
xinshou 6 38 1001008 7 28 1
xinshou 112 59 1001010 7 26 1
xinshou 62 11 1001015 3 5 1
kuangdong1 19 49 1002001 5 30 1
kuangdong1 9 43 1002002 5 40 1
kuangdong1 17 18 1002003 5 30 1
kuangdong2 27 42 1003001 6 30 1
kuangdong2 28 17 1003002 6 30 1
kuangdong2 17 31 1003003 6 30 1
kuangdong3 21 29 1004001 10 5 1
kuangdong3 24 30 3001001 1 1 780
dusheshangu1 10 45 1005001 4 15 1
dusheshangu1 9 27 1005002 4 20 1
dusheshangu1 12 15 1005003 4 20 1
dusheshangu1 25 13 1005004 5 20 1
dusheshangu2 17 19 1006001 5 20 1
dusheshangu2 25 35 1006002 5 20 1
dusheshangu3 21 32 1007001 10 5 1
dusheshangu3 22 28 3001002 1 1 780
siwangshangu1 17 100 1008001 5 40 1
siwangshangu1 23 49 1008002 6 30 1
siwangshangu1 29 32 1008003 6 20 1
siwangshangu1 35 15 1008004 5 20 1
siwangshangu2 14 52 1009001 4 20 1
siwangshangu2 33 40 1009002 6 6 200
siwangshangu2 6 34 1009003 4 20 1
siwangshangu2 35 21 1009004 5 20 1
siwangshangu3 29 37 1010001 15 5 1
siwangshangu3 24 39 1010002 15 5 1
siwangshangu3 35 32 3001003 1 1 1680
shamo1 28 23 1011001 10 10 1
shamo1 12 40 1011001 10 20 1
shamo1 39 29 1011002 10 10 1
shamo1 26 30 1011002 10 10 1
shamo1 34 24 1011003 10 10 1
shamo1 15 33 1011003 10 20 1
shamo1 11 25 1011004 10 20 1
shamo2 11 24 1012001 10 15 1
shamo2 19 53 1012001 10 20 1
shamo2 20 20 1012002 10 20 1
shamo2 11 45 1012003 10 20 1
shamo2 28 22 1012004 10 15 1
shamo3 24 35 1013001 11 5 1
shamo3 16 38 1013002 12 7 1
shamo3 20 31 3001004 1 1 1680
zhudong1 22 46 1014001 10 10 3
zhudong1 30 40 1014001 10 20 3
zhudong1 46 81 1014001 10 10 3
zhudong1 45 54 1014001 10 10 3
zhudong1 41 65 1014002 10 10 3
zhudong1 35 63 1014002 10 10 3
zhudong1 57 94 1014002 10 5 3
zhudong1 31 68 1014002 10 10 3
zhudong1 29 52 1014003 10 10 3
zhudong1 60 68 1014003 10 20 3
zhudong1 72 81 1014003 10 10 3
zhudong1 15 55 1014003 10 10 3
zhudong2 34 29 1015001 12 10 3
zhudong2 19 25 1015001 10 10 3
zhudong2 46 55 1015001 10 15 3
zhudong2 26 45 1015001 8 5 3
zhudong2 22 31 1015002 12 10 3
zhudong2 12 30 1015002 10 15 3
zhudong2 32 38 1015002 10 10 3
zhudong2 17 41 1015002 8 5 3
zhudong2 29 24 1015003 12 10 3
zhudong2 26 36 1015003 12 10 3
zhudong2 18 43 1015003 10 10 3
zhudong3 23 31 1016001 10 3 3
zhudong3 20 30 1016002 10 2 3
zhudong3 20 34 1016003 10 5 3
zhudong3 24 32 3001005 1 1 1680
womasimiao1 21 41 1019001 10 20 3
womasimiao1 51 48 1019001 10 20 1
womasimiao1 49 80 1019001 10 20 3
womasimiao1 34 71 1019002 10 20 3
womasimiao1 10 74 1019002 10 20 3
womasimiao1 79 37 1019003 10 20 3
womasimiao1 50 36 1019003 10 20 1
womasimiao2 9 20 1020001 10 10 3
womasimiao2 36 27 1020001 10 10 3
womasimiao2 33 45 1020001 10 10 3
womasimiao2 15 47 1020001 10 10 3
womasimiao2 14 37 1020002 10 10 3
womasimiao2 21 24 1020003 7 7 3
womasimiao2 29 22 1020003 8 8 3
womasimiao2 26 34 1020003 10 15 3
womasimiao3 20 21 1021001 10 5 3
womasimiao3 20 33 1021002 10 5 3
womasimiao3 22 34 3001006 1 1 3480
zumasimiao1 64 59 1022001 10 20 4
zumasimiao1 47 31 1022002 10 20 4
zumasimiao1 63 107 1022002 8 10 4
zumasimiao1 52 77 1022003 10 20 4
zumasimiao1 16 73 1022003 10 20 4
zumasimiao1 17 27 1022004 10 20 4
zumasimiao2 28 45 1023001 10 20 4
zumasimiao2 23 69 1023001 10 10 4
zumasimiao2 15 33 1023002 10 20 4
zumasimiao2 19 23 1023003 10 20 4
zumasimiao2 17 43 1023003 10 10 4
zumasimiao3 26 30 1024001 10 8 4
zumasimiao3 20 28 1024002 10 7 4
zumasimiao3 24 28 3001007 1 1 5280
chiyue1 24 19 1025001 10 20 4
chiyue1 20 50 1025001 10 20 4
chiyue1 35 42 1025002 10 20 4
chiyue1 14 32 1025002 15 20 4
chiyue1 35 10 1025002 10 20 5
chiyue1 36 55 1025003 10 20 4
chiyue1 7 46 1025003 10 20 4
chiyue2 19 27 1026001 10 20 4
chiyue2 32 33 1026001 8 10 4
chiyue2 10 53 1026002 10 15 4
chiyue2 27 51 1026002 10 20 4
chiyue2 19 17 1026003 5 5 4
chiyue2 10 38 1026003 7 7 1
chiyue3 24 24 1027001 10 5 5
chiyue3 20 20 1027002 10 5 5
chiyue3 21 22 3001008 1 1 7080
niumosimiao1 63 105 1028001 10 20 5
niumosimiao1 25 42 1028002 10 20 5
niumosimiao1 21 85 1028002 10 20 5
niumosimiao1 33 104 1028003 10 20 5
niumosimiao1 23 64 1028003 10 20 5
niumosimiao2 44 47 1029001 8 7 4
niumosimiao2 37 48 1029001 10 10 4
niumosimiao2 62 49 1029001 10 10 4
niumosimiao2 56 89 1029001 8 5 4
niumosimiao2 56 64 1029002 8 7 4
niumosimiao2 51 42 1029002 10 10 4
niumosimiao2 26 76 1029002 10 10 4
niumosimiao2 39 88 1029002 8 5 4
niumosimiao2 45 95 1029003 8 7 4
niumosimiao2 28 41 1029003 10 10 4
niumosimiao2 63 77 1029003 8 5 4
niumosimiao3 21 38 1030001 10 5 4
niumosimiao3 23 35 1030002 10 5 4
niumosimiao3 21 33 3001009 1 1 7080
diyulaolong1 27 64 1031001 12 20 4
diyulaolong1 53 49 1031001 8 5 4
diyulaolong1 66 66 1031002 12 20 4
diyulaolong1 22 82 1031002 8 5 4
diyulaolong1 46 88 1031003 10 20 4
diyulaolong1 47 64 1031003 8 5 4
diyulaolong2 47 63 1032002 10 15 4
diyulaolong2 34 88 1032002 10 15 4
diyulaolong2 17 70 1032003 10 15 4
diyulaolong2 70 38 1032003 10 15 4
diyulaolong3 27 39 1033001 10 3 4
diyulaolong3 17 27 1033001 10 3 4
diyulaolong3 23 35 1033002 10 3 4
diyulaolong3 28 43 1033002 10 3 4
diyulaolong3 17 36 3001010 1 1 8880
shourenchaoxue1 10 61 1034001 8 10 4
shourenchaoxue1 79 72 1034001 10 10 4
shourenchaoxue1 20 36 1034002 8 10 4
shourenchaoxue1 62 92 1034002 10 10 4
shourenchaoxue1 23 74 1034003 8 10 4
shourenchaoxue1 45 79 1034003 10 10 4
shourenchaoxue2 58 61 1035001 8 10 4
shourenchaoxue2 13 62 1035001 10 15 4
shourenchaoxue2 52 35 1035002 8 10 4
shourenchaoxue2 20 37 1035002 10 15 4
shourenchaoxue2 40 90 1035003 10 15 4
shourenchaoxue2 71 80 1035003 8 10 4
shourenchaoxue3 20 34 1036001 15 5 4
shourenchaoxue3 23 38 1036002 15 5 4
shourenchaoxue3 28 31 3001013 1 1 8880
mayidongxue1 21 25 1037001 10 10 4
mayidongxue1 9 42 1037001 10 10 4
mayidongxue1 23 49 1037002 10 10 4
mayidongxue1 31 47 1037003 10 10 4
mayidongxue2 36 32 1038001 10 10 4
mayidongxue2 67 74 1038001 10 10 4
mayidongxue2 13 58 1038001 10 10 4
mayidongxue2 36 72 1038001 10 10 4
mayidongxue2 11 69 1038002 10 10 4
mayidongxue2 55 38 1038002 10 10 4
mayidongxue2 49 84 1038002 10 10 4
mayidongxue2 27 44 1038002 10 10 4
mayidongxue2 63 50 1038003 10 10 4
mayidongxue2 41 36 1038003 10 10 4
mayidongxue2 56 69 1038003 10 10 4
mayidongxue2 20 69 1038003 10 10 4
mayidongxue3 53 57 1039001 10 5 4
mayidongxue3 59 67 1039002 15 5 4
mayidongxue3 53 55 3001014 1 1 8880
manhuangdigong1 126 55 1040001 10 10 5
manhuangdigong1 26 20 1040001 10 10 5
manhuangdigong1 108 79 1040001 10 10 5
manhuangdigong1 106 99 1040001 10 10 5
manhuangdigong1 39 99 1040001 10 10 5
manhuangdigong1 72 115 1040001 10 10 5
manhuangdigong1 10 50 1040002 10 10 5
manhuangdigong1 123 69 1040002 10 10 5
manhuangdigong1 33 84 1040002 10 10 5
manhuangdigong1 97 87 1040002 10 10 5
manhuangdigong1 96 110 1040002 10 10 5
manhuangdigong1 59 112 1040002 10 10 5
manhuangdigong1 21 33 1040003 10 10 5
manhuangdigong1 118 82 1040003 10 10 5
manhuangdigong1 48 108 1040003 10 10 5
manhuangdigong1 83 118 1040003 10 10 5
manhuangdigong2 54 38 1041001 10 10 5
manhuangdigong2 63 65 1041001 10 10 5
manhuangdigong2 31 59 1041001 10 10 5
manhuangdigong2 45 94 1041001 10 10 5
manhuangdigong2 47 37 1041002 10 10 5
manhuangdigong2 34 90 1041002 10 10 5
manhuangdigong2 64 72 1041002 10 10 5
manhuangdigong2 44 45 1041003 10 10 5
manhuangdigong2 23 71 1041003 10 10 5
manhuangdigong2 55 84 1041003 10 10 5
manhuangdigong3 22 34 1042001 15 5 5
manhuangdigong3 23 38 1042002 15 5 5
manhuangdigong3 28 34 3001015 1 1 10680
leiyan1 13 19 1043001 8 10 5
leiyan1 77 65 1043001 8 10 5
leiyan1 47 58 1043002 8 10 5
leiyan1 19 47 1043002 8 10 5
leiyan1 29 76 1043003 8 10 5
leiyan1 70 101 1043003 8 10 5
leiyan2 13 14 1044001 8 10 5
leiyan2 21 53 1044001 8 7 5
leiyan2 15 23 1044002 8 10 5
leiyan2 30 47 1044002 8 7 5
leiyan2 18 43 1044003 8 7 5
leiyan2 19 32 1044003 8 10 5
leiyan3 36 20 1045001 10 10 5
leiyan3 30 20 1045002 10 10 5
leiyan3 37 14 3001016 1 1 10680
miwuzhaoze1 59 102 1046001 10 10 5
miwuzhaoze1 20 35 1046001 10 10 5
miwuzhaoze1 15 97 1046001 10 10 5
miwuzhaoze1 69 68 1046002 10 10 5
miwuzhaoze1 44 30 1046002 10 10 5
miwuzhaoze1 36 108 1046002 10 10 5
miwuzhaoze1 11 68 1046003 10 10 5
miwuzhaoze1 63 39 1046003 10 10 5
miwuzhaoze2 68 31 1047001 10 10 5
miwuzhaoze2 45 107 1047001 10 10 5
miwuzhaoze2 14 67 1047001 10 10 5
miwuzhaoze2 61 102 1047001 10 10 5
miwuzhaoze2 72 75 1047001 10 10 5
miwuzhaoze2 30 29 1047002 10 10 5
miwuzhaoze2 63 37 1047002 10 10 5
miwuzhaoze2 30 104 1047002 10 10 5
miwuzhaoze2 61 53 1047002 10 10 5
miwuzhaoze2 60 28 1047003 10 10 5
miwuzhaoze2 42 31 1047003 10 10 5
miwuzhaoze2 15 91 1047003 10 10 5
miwuzhaoze2 73 58 1047003 10 10 5
miwuzhaoze3 25 30 1048001 10 5 5
miwuzhaoze3 20 28 1048002 10 5 5
miwuzhaoze3 22 29 3001017 1 1 10680
huangling1 15 16 1049001 8 10 5
huangling1 12 39 1049001 8 10 5
huangling1 29 52 1049001 8 10 5
huangling1 30 24 1049002 8 10 5
huangling1 21 14 1049002 8 10 5
huangling1 21 29 1049002 8 10 5
huangling1 10 24 1049003 8 10 5
huangling1 38 31 1049003 8 10 5
huangling1 26 37 1049003 8 10 5
huangling2 35 35 1050001 10 10 5
huangling2 62 59 1050001 10 10 5
huangling2 30 71 1050001 10 10 5
huangling2 53 30 1050002 10 10 5
huangling2 27 38 1050002 10 10 5
huangling2 23 91 1050002 10 10 5
huangling2 44 67 1050002 10 10 5
huangling2 53 45 1050003 10 10 5
huangling2 30 52 1050003 10 10 5
huangling2 52 91 1050003 10 10 5
huangling3 24 25 1051001 10 5 5
huangling3 16 19 1051002 10 5 5
huangling3 11 14 3001018 1 1 10680
haidi1 26 29 1052001 10 10 5
haidi1 46 41 1052001 10 10 5
haidi1 28 57 1052002 10 10 5
haidi1 10 38 1052003 10 10 5
haidi1 41 28 1052003 10 10 5
haidi2 48 64 1053001 10 10 5
haidi2 56 55 1053001 10 10 5
haidi2 24 67 1053001 10 10 5
haidi2 41 66 1053002 10 10 5
haidi2 34 70 1053002 10 10 5
haidi2 51 78 1053002 10 10 5
haidi2 63 63 1053003 10 10 5
haidi2 36 50 1053003 10 10 5
haidi3 26 23 3001021 0 1 1
haidi3 17 34 1054001 10 10 5
haidi3 18 29 1054002 10 10 5
bosshome1f 62 55 6005001 10 5 1
bosshome1f 47 52 6005001 10 5 1
bosshome1f 37 78 6005001 10 5 1
bosshome1f 21 84 6005001 10 5 1
bosshome1f 51 34 6005001 10 5 1
bosshome1f 45 34 6005001 10 5 1
bosshome1f 60 73 6005001 10 5 1
bosshome1f 72 94 6005002 10 5 1
bosshome1f 59 32 6005002 10 5 1
bosshome1f 23 31 6005002 10 5 1
bosshome1f 72 57 6005002 10 5 1
bosshome1f 30 44 6005002 10 5 1
bosshome1f 52 41 6005002 10 5 1
bosshome1f 56 78 6005002 10 5 1
bosshome1f 68 101 6005003 10 5 1
bosshome1f 26 59 6005003 10 5 1
bosshome1f 33 75 6005003 10 5 1
bosshome1f 55 47 6005003 10 5 1
bosshome1f 67 61 6005003 10 5 1
bosshome1f 40 32 6005003 10 5 1
bosshome1f 54 25 6005003 10 5 1
bosshome1f 70 58 6005003 10 5 1
bosshome1f 65 58 6005004 10 5 1
bosshome1f 28 89 6005004 10 5 1
bosshome1f 60 29 6005004 10 5 1
bosshome1f 30 25 6005004 10 5 1
bosshome1f 17 67 6005004 10 5 1
bosshome1f 40 55 6005004 10 5 1
bosshome1f 42 32 6005021 1 1 7800
bosshome1f 56 44 6005022 1 1 7800
bosshome1f 70 64 6005023 1 1 16800
bosshome1f 26 27 6005024 1 1 1680
bosshome1f 18 65 6005025 1 1 3480
bosshome1f 36 76 6005026 1 1 5280
bosshome1f 70 99 6005027 1 1 7080
bosshome1f 57 75 6005028 1 1 7080
bosshome1f 57 27 6005029 1 1 8880
bosshome1f 23 88 6005030 1 1 10680
bosshome2f 28 13 6006001 1 1 120000
bosshome2f 69 39 6006002 1 1 120000
bosshome2f 22 46 6006003 1 1 120000
bosshome2f 38 29 6006004 1 1 120000
bosshome2f 10 31 6006005 1 1 120000
bosshome3f 21 35 6007001 1 1 120000
bosshome3f 37 29 6007002 1 1 120000
bosshome3f 25 18 6007003 1 1 120000
gjpt 20 22 8001001 10 30 5
gjpt 40 56 8001002 10 30 5
gjpt 15 59 8001003 10 30 5
gjpt 25 40 8001004 10 30 5
gjpt 38 18 8001005 10 30 5
gjpt 39 33 8001006 10 30 5
gjvip4 27 41 8001001 30 40 5
gjvip4 29 41 8001002 30 40 5
gjvip4 31 41 8001003 30 40 5
gjvip4 30 41 8001004 30 40 5
gjvip4 32 41 8001005 30 40 5
gjvip4 28 41 8001006 30 40 5
mysd1f 33 21 6001001 10 5 1
mysd1f 22 38 6001001 10 5 1
mysd1f 20 22 6001002 10 5 1
mysd1f 26 24 6001002 10 5 1
mysd1f 30 29 6001002 10 5 1
mysd1f 15 38 6001003 10 5 1
mysd1f 29 39 6001003 10 5 1
mysd1f 13 23 6001004 10 5 1
mysd1f 26 34 6001004 10 5 1
mysd1f 31 32 6001004 10 5 1
mysd1f 32 38 6001009 0 1 1
mysd1f 21 31 6001010 1 1 1680
mysd1f 13 21 6001012 1 1 1680
mysd2f 26 23 6002001 10 5 1
mysd2f 25 36 6002001 10 5 1
mysd2f 13 32 6002002 10 5 1
mysd2f 20 35 6002002 10 5 1
mysd2f 16 24 6002003 10 5 1
mysd2f 24 27 6002004 10 5 1
mysd2f 22 31 6002004 10 5 1
mysd2f 13 38 6002004 10 5 1
mysd2f 30 36 6002005 1 1 3480
mysd2f 32 20 6002006 1 1 7080
mysd2f 15 26 6001011 1 1 1680
mysd3f 31 19 6003001 10 5 1
mysd3f 15 24 6003001 10 5 1
mysd3f 28 35 6003001 10 5 1
mysd3f 25 21 6003002 10 5 1
mysd3f 16 33 6003002 10 5 1
mysd3f 24 36 6003002 10 5 1
mysd3f 21 23 6003003 10 5 1
mysd3f 32 37 6003003 10 5 1
mysd3f 19 30 6003003 10 5 1
mysd3f 13 37 6003004 1 1 8880
mysd3f 28 25 6003005 1 1 8880
mysd3f 22 31 6003006 1 1 8880
mysd4f 45 72 6004001 10 5 1
mysd4f 33 76 6004001 10 5 1
mysd4f 65 51 6004002 10 5 1
mysd4f 39 72 6004002 10 5 1
mysd4f 59 58 6004003 10 5 1
mysd4f 51 60 6004003 10 5 1
mysd4f 59 48 6004004 10 5 1
mysd4f 40 57 6004004 10 5 1
mysd4f 51 54 6004007 1 1 10680
mysd4f 42 65 6004008 1 1 10680
mysd4f 64 43 6004009 1 1 10680
swmy1 13 37 11002001 8 5 5
swmy1 18 34 11002001 8 5 5
swmy1 31 41 11002001 8 5 5
swmy1 18 26 11002002 8 5 5
swmy1 15 43 11002002 8 5 5
swmy1 14 30 11002002 8 5 5
swmy1 26 46 11002003 8 5 5
swmy1 9 35 11002003 8 5 5
swmy1 24 40 11002003 8 5 5
swmy1 11 28 11002004 8 5 5
swmy1 26 29 11002004 8 5 5
swmy1 5 50 11002037 1 1 12
swmy1 33 50 11002037 1 1 12
swmy1 29 33 11002037 1 1 12
swmy1 22 44 11002037 1 1 12
swmy1 25 35 11002037 1 1 12
swmy1 12 24 11002037 1 1 12
swmy1 18 46 11002037 1 1 12
swmy2 8 39 11002005 8 5 5
swmy2 21 21 11002005 8 5 5
swmy2 29 49 11002005 8 5 5
swmy2 20 31 11002006 8 5 5
swmy2 28 40 11002006 8 5 5
swmy2 26 38 11002007 8 5 5
swmy2 17 28 11002007 8 5 5
swmy2 11 44 11002008 8 5 5
swmy2 16 22 11002008 8 5 5
swmy2 11 37 11002008 8 5 5
swmy2 10 56 11002037 1 1 12
swmy2 19 13 11002037 1 1 12
swmy2 25 48 11002037 1 1 12
swmy2 29 35 11002037 1 1 12
swmy2 30 47 11002037 1 1 12
swmy2 22 31 11002037 1 1 12
swmy2 17 32 11002037 1 1 12
swmy3 52 70 11002009 8 5 5
swmy3 28 75 11002009 8 5 5
swmy3 39 49 11002009 8 5 5
swmy3 56 40 11002009 8 5 5
swmy3 65 50 11002010 8 5 5
swmy3 42 96 11002010 8 5 5
swmy3 60 65 11002010 8 5 5
swmy3 29 82 11002010 8 5 5
swmy3 33 44 11002011 8 5 5
swmy3 62 45 11002011 8 5 5
swmy3 50 43 11002011 8 5 5
swmy3 57 87 11002012 8 5 5
swmy3 44 50 11002012 8 5 5
swmy3 46 98 11002037 1 1 12
swmy3 33 47 11002037 1 1 12
swmy3 53 38 11002037 1 1 12
swmy3 40 53 11002037 1 1 12
swmy3 60 85 11002037 1 1 12
swmy3 31 81 11002037 1 1 12
swmy3 55 67 11002037 1 1 12
swmy4 21 68 11002014 8 5 5
swmy4 69 41 11002014 8 5 5
swmy4 43 61 11002015 8 5 5
swmy4 65 33 11002015 8 5 5
swmy4 54 68 11002016 8 5 5
swmy4 34 86 11002016 8 5 5
swmy4 49 63 11002037 1 1 12
swmy4 67 37 11002037 1 1 12
swmy4 23 63 11002037 1 1 12
swmy4 29 80 11002037 1 1 12
swmy5 28 33 11002017 8 5 5
swmy5 19 62 11002017 8 5 5
swmy5 45 39 11002018 8 5 5
swmy5 21 45 11002018 8 5 5
swmy5 55 69 11002019 8 5 5
swmy5 52 47 11002019 8 5 5
swmy5 71 81 11002020 8 5 5
swmy5 25 31 11002020 8 5 5
swmy5 45 42 11002037 1 1 12
swmy5 74 81 11002037 1 1 12
swmy5 28 29 11002037 1 1 12
swmy5 59 66 11002037 1 1 12
swmy5 21 50 11002037 1 1 12
swmy6 38 54 11002021 8 5 5
swmy6 50 65 11002021 8 5 5
swmy6 47 71 11002021 8 5 5
swmy6 35 37 11002022 8 5 5
swmy6 38 78 11002022 8 5 5
swmy6 66 54 11002022 8 5 5
swmy6 17 64 11002022 8 5 5
swmy6 54 38 11002022 8 5 5
swmy6 27 65 11002022 8 5 5
swmy6 29 45 11002023 8 5 5
swmy6 49 33 11002023 8 5 5
swmy6 71 56 11002023 8 5 5
swmy6 14 56 11002023 8 5 5
swmy6 43 41 11002023 8 5 5
swmy6 31 71 11002023 8 5 5
swmy6 27 52 11002024 8 5 5
swmy6 41 38 11002024 8 5 5
swmy6 44 54 11002024 8 5 5
swmy6 23 73 11002024 8 5 5
swmy6 51 37 11002037 1 1 12
swmy6 56 66 11002037 1 1 12
swmy6 52 61 11002037 1 1 12
swmy6 68 55 11002037 1 1 12
swmy6 40 55 11002037 1 1 12
swmy6 36 50 11002037 1 1 12
swmy6 36 76 11002037 1 1 12
swmy6 50 74 11002037 1 1 12
swmy7 52 38 11002025 8 5 5
swmy7 34 91 11002025 8 5 5
swmy7 63 73 11002025 8 5 5
swmy7 21 61 11002025 8 5 5
swmy7 45 38 11002026 8 5 5
swmy7 54 83 11002026 8 5 5
swmy7 32 57 11002026 8 5 5
swmy7 66 78 11002026 8 5 5
swmy7 48 35 11002027 8 5 5
swmy7 29 68 11002027 8 5 5
swmy7 25 57 11002027 8 5 5
swmy7 45 91 11002027 8 5 5
swmy7 48 42 11002028 8 5 5
swmy7 20 68 11002028 8 5 5
swmy7 44 96 11002028 8 5 5
swmy7 29 55 11002037 1 1 12
swmy7 24 67 11002037 1 1 12
swmy7 45 42 11002037 1 1 12
swmy7 52 35 11002037 1 1 12
swmy7 39 93 11002037 1 1 12
swmy8 11 17 11002029 8 5 5
swmy8 22 47 11002029 8 5 5
swmy8 14 21 11002030 8 5 5
swmy8 23 35 11002030 8 5 5
swmy8 18 13 11002031 8 5 5
swmy8 19 40 11002031 8 5 5
swmy8 28 41 11002032 8 5 5
swmy8 9 19 11002037 1 1 12
swmy8 14 15 11002037 1 1 12
swmy8 23 40 11002037 1 1 12
swmy8 25 45 11002037 1 1 12
swmy9 18 50 11002033 8 5 5
swmy9 37 108 11002033 8 5 5
swmy9 59 104 11002033 8 5 5
swmy9 25 31 11002033 8 5 5
swmy9 32 24 11002033 8 5 5
swmy9 30 103 11002033 8 5 5
swmy9 62 43 11002034 8 5 5
swmy9 11 65 11002034 8 5 5
swmy9 47 29 11002034 8 5 5
swmy9 66 31 11002034 8 5 5
swmy9 71 72 11002035 8 5 5
swmy9 20 40 11002035 8 5 5
swmy9 61 34 11002035 8 5 5
swmy9 17 86 11002035 8 5 5
swmy9 12 59 11002036 8 5 5
swmy9 54 108 11002036 8 5 5
swmy9 76 80 11002036 8 5 5
swmy9 28 30 11002037 1 1 12
swmy9 34 106 11002037 1 1 12
swmy9 64 32 11002037 1 1 12
swmy9 20 45 11002037 1 1 12
swmy9 56 101 11002037 1 1 12
swmy9 11 70 11002037 1 1 12
swmy9 73 76 11002037 1 1 12
taskad2 96 27 6009001 10 2 5
taskad2 55 65 6009001 10 2 5
taskad2 99 76 6009001 10 2 5
taskad2 138 136 6009002 10 2 5
taskad2 60 133 6009002 10 2 5
taskad2 104 167 6009002 10 2 5
taskad2 23 94 6009002 10 2 5
taskad2 93 76 6009002 10 2 5
taskad2 60 139 6009003 10 2 5
taskad2 95 118 6009003 10 2 5
taskad2 20 100 6009003 10 2 5
taskad2 171 98 6009003 10 2 5
taskad2 61 64 6009003 10 2 5
taskad2 133 63 6009003 10 2 5
taskad2 96 169 6009004 10 2 5
taskad2 173 94 6009004 10 2 5
taskad2 139 67 6009004 10 2 5
taskad2 102 118 6009004 10 2 5
taskad2 101 28 6009004 10 2 5
taskad2 134 137 6009004 10 2 5
taskad2 40 136 6010019 1 1 357
taskad2 57 100 6010020 1 1 357
taskad2 67 164 6010021 1 1 357
taskad2 82 30 6010022 1 1 357
taskad2 37 68 6010023 1 1 357
taskad2 87 138 6010024 1 1 417
taskad2 112 38 6010025 1 1 417
taskad2 15 109 6010026 1 1 417
taskad2 117 73 6010027 1 1 417
taskad2 84 67 6010028 1 1 417
wakuang 29 12 7006001 0 1 1
wakuang 25 13 7006001 0 1 1
wakuang 32 15 7006001 0 1 1
wakuang 21 11 7006001 0 1 1
wakuang 30 16 7006001 0 1 1
wakuang 13 20 7006001 0 1 1
wakuang 17 16 7006001 0 1 1
wakuang 36 18 7006001 0 1 1
wakuang 5 29 7006001 0 1 1
wakuang 21 15 7006001 0 1 1
wakuang 35 24 7006001 0 1 1
wakuang 34 19 7006001 0 1 1
wakuang 9 30 7006001 0 1 1
wakuang 7 34 7006001 0 1 1
wakuang 11 36 7006001 0 1 1
wakuang 33 32 7006001 0 1 1
wakuang 13 44 7006001 0 1 1
wakuang 15 41 7006001 0 1 1
wakuang 8 38 7006001 0 1 1
wakuang 7 44 7006001 0 1 1
wakuang 24 32 7006001 0 1 1
wakuang 31 28 7006001 0 1 1
wakuang 25 52 7006001 0 1 1
wakuang 20 46 7006001 0 1 1
wakuang 8 49 7006001 0 1 1
wakuang 18 50 7006001 0 1 1
wakuang 28 31 7006001 0 1 1
wakuang 24 56 7006001 0 1 1
wakuang 16 47 7006001 0 1 1
wakuang 22 48 7006001 0 1 1
wakuang 17 20 7006001 0 1 1
wakuang 37 26 7006001 0 1 1
wakuang 34 29 7006001 0 1 1
wakuang 5 36 7006001 0 1 1
wakuang 33 36 7006001 0 1 1
wakuang 37 29 7006001 0 1 1
wakuang 21 53 7006001 0 1 1
wakuang 30 35 7006001 0 1 1
wakuang 10 42 7006001 0 1 1
wakuang 12 27 7006001 0 1 1
wakuang 17 45 7006002 0 1 1
wakuang 7 32 7006003 0 1 1
wakuang 20 18 7006004 0 1 1
wakuang 33 26 7006005 0 1 1
weizhi1 111 39 6009001 5 3 5
weizhi1 89 113 6009001 5 5 5
weizhi1 72 103 6009001 5 5 5
weizhi1 39 69 6009001 5 3 5
weizhi1 81 33 6009001 8 1 1
weizhi1 83 68 6009001 8 5 5
weizhi1 51 148 6009002 5 3 5
weizhi1 38 135 6009002 5 3 5
weizhi1 59 103 6009002 8 5 5
weizhi1 56 120 6009002 5 5 5
weizhi1 36 93 6009002 5 3 5
weizhi1 106 44 6009002 5 5 5
weizhi1 14 114 6009002 5 5 5
weizhi1 90 138 6009002 5 3 5
weizhi1 60 88 6009002 8 5 5
weizhi1 115 72 6009002 5 5 5
weizhi1 83 107 6009003 5 5 5
weizhi1 75 161 6009003 5 5 5
weizhi1 86 67 6009003 5 3 5
weizhi1 42 137 6009003 5 3 5
weizhi1 80 30 6009003 5 5 5
weizhi1 114 39 6009003 5 5 5
weizhi1 85 139 6009003 8 5 5
weizhi1 99 83 6009003 5 5 5
weizhi1 69 52 6009003 5 3 5
weizhi1 35 68 6009003 5 5 5
weizhi1 18 108 6009003 5 3 1
weizhi1 56 99 6009003 8 5 5
weizhi1 69 88 6009003 5 3 5
weizhi1 118 76 6009004 8 5 5
weizhi1 77 74 6009004 5 3 5
weizhi1 98 54 6009004 5 3 5
weizhi1 70 165 6009004 5 5 5
weizhi1 59 156 6009004 5 3 5
weizhi1 98 121 6009004 5 3 5
weizhi1 29 83 6009004 5 5 5
weizhi1 28 124 6009004 5 5 5
weizhi1 71 41 6009004 5 3 5
weizhi1 109 82 6009004 8 5 5
weizhi1 77 61 6009004 5 5 5
weizhi1 40 136 6011019 1 1 357
weizhi1 57 100 6011020 1 1 357
weizhi1 67 164 6011021 1 1 357
weizhi1 82 30 6011022 1 1 357
weizhi1 37 68 6011023 1 1 357
weizhi1 87 138 6011024 1 1 417
weizhi1 112 38 6011025 1 1 417
weizhi1 15 109 6011026 1 1 417
weizhi1 117 73 6011027 1 1 417
weizhi1 84 67 6011028 1 1 417
weizhi2 111 39 6009001 5 3 5
weizhi2 89 113 6009001 5 5 5
weizhi2 72 103 6009001 5 5 5
weizhi2 39 69 6009001 5 3 5
weizhi2 81 33 6009001 8 1 1
weizhi2 83 68 6009001 8 5 5
weizhi2 51 148 6009002 5 3 5
weizhi2 38 135 6009002 5 3 5
weizhi2 59 103 6009002 8 5 5
weizhi2 56 120 6009002 5 5 5
weizhi2 36 93 6009002 5 3 5
weizhi2 106 44 6009002 5 5 5
weizhi2 14 114 6009002 5 5 5
weizhi2 90 138 6009002 5 3 5
weizhi2 60 88 6009002 8 5 5
weizhi2 115 72 6009002 5 5 5
weizhi2 83 107 6009003 5 5 5
weizhi2 75 161 6009003 5 5 5
weizhi2 86 67 6009003 5 3 5
weizhi2 42 137 6009003 5 3 5
weizhi2 80 30 6009003 5 5 5
weizhi2 114 39 6009003 5 5 5
weizhi2 85 139 6009003 8 5 5
weizhi2 99 83 6009003 5 5 5
weizhi2 69 52 6009003 5 3 5
weizhi2 35 68 6009003 5 5 5
weizhi2 18 108 6009003 5 3 1
weizhi2 56 99 6009003 8 5 5
weizhi2 69 88 6009003 5 3 5
weizhi2 118 76 6009004 8 5 5
weizhi2 77 74 6009004 5 3 5
weizhi2 98 54 6009004 5 3 5
weizhi2 70 165 6009004 5 5 5
weizhi2 59 156 6009004 5 3 5
weizhi2 98 121 6009004 5 3 5
weizhi2 29 83 6009004 5 5 5
weizhi2 27 124 6009004 5 5 5
weizhi2 71 41 6009004 5 3 5
weizhi2 109 82 6009004 8 5 5
weizhi2 77 61 6009004 5 5 5
weizhi2 40 136 6011029 1 1 357
weizhi2 57 100 6011030 1 1 357
weizhi2 67 164 6011031 1 1 357
weizhi2 82 30 6011032 1 1 357
weizhi2 37 68 6011033 1 1 357
weizhi2 87 138 6011034 1 1 417
weizhi2 112 38 6011035 1 1 417
weizhi2 15 109 6011036 1 1 417
weizhi2 117 73 6011037 1 1 417
weizhi2 84 67 6011038 1 1 417
weizhi3 111 39 6009001 5 3 5
weizhi3 89 113 6009001 5 5 5
weizhi3 72 103 6009001 5 5 5
weizhi3 39 69 6009001 5 3 5
weizhi3 81 33 6009001 8 1 1
weizhi3 83 68 6009001 8 5 5
weizhi3 51 148 6009002 5 3 5
weizhi3 38 135 6009002 5 3 5
weizhi3 59 103 6009002 8 5 5
weizhi3 56 120 6009002 5 5 5
weizhi3 36 93 6009002 5 3 5
weizhi3 106 44 6009002 5 5 5
weizhi3 14 114 6009002 5 5 5
weizhi3 90 138 6009002 5 3 5
weizhi3 60 88 6009002 8 5 5
weizhi3 115 72 6009002 5 5 5
weizhi3 83 107 6009003 5 5 5
weizhi3 75 161 6009003 5 5 5
weizhi3 86 67 6009003 5 3 5
weizhi3 42 137 6009003 5 3 5
weizhi3 80 30 6009003 5 5 5
weizhi3 114 39 6009003 5 5 5
weizhi3 85 139 6009003 8 5 5
weizhi3 99 83 6009003 5 5 5
weizhi3 69 52 6009003 5 3 5
weizhi3 35 68 6009003 5 5 5
weizhi3 18 108 6009003 5 3 1
weizhi3 56 99 6009003 8 5 5
weizhi3 69 88 6009003 5 3 5
weizhi3 118 76 6009004 8 5 5
weizhi3 77 74 6009004 5 3 5
weizhi3 98 54 6009004 5 3 5
weizhi3 70 165 6009004 5 5 5
weizhi3 59 156 6009004 5 3 5
weizhi3 98 121 6009004 5 3 5
weizhi3 29 83 6009004 5 5 5
weizhi3 27 124 6009004 5 5 5
weizhi3 71 41 6009004 5 3 5
weizhi3 109 82 6009004 8 5 5
weizhi3 77 61 6009004 5 5 5
weizhi3 40 136 6011039 1 1 357
weizhi3 57 100 6011040 1 1 357
weizhi3 67 164 6011041 1 1 357
weizhi3 82 30 6011042 1 1 357
weizhi3 37 68 6011043 1 1 357
weizhi3 87 138 6011044 1 1 417
weizhi3 112 38 6011045 1 1 417
weizhi3 15 109 6011046 1 1 417
weizhi3 117 73 6011047 1 1 417
weizhi3 84 67 6011048 1 1 417
weizhi4 111 39 6009001 5 3 5
weizhi4 89 113 6009001 5 5 5
weizhi4 72 103 6009001 5 5 5
weizhi4 39 69 6009001 5 3 5
weizhi4 81 33 6009001 8 1 1
weizhi4 83 68 6009001 8 5 5
weizhi4 51 148 6009002 5 3 5
weizhi4 38 135 6009002 5 3 5
weizhi4 59 103 6009002 8 5 5
weizhi4 56 120 6009002 5 5 5
weizhi4 36 93 6009002 5 3 5
weizhi4 106 44 6009002 5 5 5
weizhi4 14 114 6009002 5 5 5
weizhi4 90 138 6009002 5 3 5
weizhi4 60 88 6009002 8 5 5
weizhi4 115 72 6009002 5 5 5
weizhi4 83 107 6009003 5 5 5
weizhi4 75 161 6009003 5 5 5
weizhi4 86 67 6009003 5 3 5
weizhi4 42 137 6009003 5 3 5
weizhi4 80 30 6009003 5 5 5
weizhi4 114 39 6009003 5 5 5
weizhi4 85 139 6009003 8 5 5
weizhi4 99 83 6009003 5 5 5
weizhi4 69 52 6009003 5 3 5
weizhi4 35 68 6009003 5 5 5
weizhi4 18 108 6009003 5 3 1
weizhi4 56 99 6009003 8 5 5
weizhi4 69 88 6009003 5 3 5
weizhi4 118 76 6009004 8 5 5
weizhi4 77 74 6009004 5 3 5
weizhi4 98 54 6009004 5 3 5
weizhi4 70 165 6009004 5 5 5
weizhi4 59 156 6009004 5 3 5
weizhi4 98 121 6009004 5 3 5
weizhi4 29 83 6009004 5 5 5
weizhi4 27 124 6009004 5 5 5
weizhi4 71 41 6009004 5 3 5
weizhi4 109 82 6009004 8 5 5
weizhi4 77 61 6009004 5 5 5
weizhi4 40 136 6011049 1 1 357
weizhi4 57 100 6011050 1 1 357
weizhi4 67 164 6011051 1 1 357
weizhi4 82 30 6011052 1 1 357
weizhi4 37 68 6011053 1 1 357
weizhi4 87 138 6011054 1 1 417
weizhi4 112 38 6011055 1 1 417
weizhi4 15 109 6011056 1 1 417
weizhi4 117 73 6011057 1 1 417
weizhi4 84 67 6011058 1 1 417
weizhi5 111 39 6009001 5 3 5
weizhi5 89 113 6009001 5 5 5
weizhi5 72 103 6009001 5 5 5
weizhi5 39 69 6009001 5 3 5
weizhi5 81 33 6009001 8 1 1
weizhi5 83 68 6009001 8 5 5
weizhi5 51 148 6009002 5 3 5
weizhi5 38 135 6009002 5 3 5
weizhi5 59 103 6009002 8 5 5
weizhi5 56 120 6009002 5 5 5
weizhi5 36 93 6009002 5 3 5
weizhi5 106 44 6009002 5 5 5
weizhi5 14 114 6009002 5 5 5
weizhi5 90 138 6009002 5 3 5
weizhi5 60 88 6009002 8 5 5
weizhi5 115 72 6009002 5 5 5
weizhi5 83 107 6009003 5 5 5
weizhi5 75 161 6009003 5 5 5
weizhi5 86 67 6009003 5 3 5
weizhi5 42 137 6009003 5 3 5
weizhi5 80 30 6009003 5 5 5
weizhi5 114 39 6009003 5 5 5
weizhi5 85 139 6009003 8 5 5
weizhi5 99 83 6009003 5 5 5
weizhi5 69 52 6009003 5 3 5
weizhi5 35 68 6009003 5 5 5
weizhi5 18 108 6009003 5 3 1
weizhi5 56 99 6009003 8 5 5
weizhi5 69 88 6009003 5 3 5
weizhi5 118 76 6009004 8 5 5
weizhi5 77 74 6009004 5 3 5
weizhi5 98 54 6009004 5 3 5
weizhi5 70 165 6009004 5 5 5
weizhi5 59 156 6009004 5 3 5
weizhi5 98 121 6009004 5 3 5
weizhi5 29 83 6009004 5 5 5
weizhi5 27 124 6009004 5 5 5
weizhi5 71 41 6009004 5 3 5
weizhi5 109 82 6009004 8 5 5
weizhi5 77 61 6009004 5 5 5
weizhi5 40 136 6011059 1 1 357
weizhi5 57 100 6011060 1 1 357
weizhi5 67 164 6011061 1 1 357
weizhi5 82 30 6011062 1 1 357
weizhi5 37 68 6011063 1 1 357
weizhi5 87 138 6011064 1 1 417
weizhi5 112 38 6011065 1 1 417
weizhi5 15 109 6011066 1 1 417
weizhi5 117 73 6011067 1 1 417
weizhi5 84 67 6011068 1 1 417
zssd1 22 25 6008001 1 1 120000
zssd2 22 25 6008002 1 1 120000
zssd3 22 25 6008003 1 1 120000
zssd4 22 25 6008004 1 1 120000
zssd5 22 25 6008005 1 1 120000
zssd6 22 25 6008006 1 1 120000
zssd7 22 25 6008007 1 1 120000
wzad 60 65 6009019 1 1 357000
wzad 60 135 6009020 1 1 357000
wzad 100 170 6009022 1 1 357000
wzad 135 135 6009023 1 1 357000
wzad 96 73 6009024 1 1 417000
wzad 100 120 6009025 1 1 417000
wzad 98 28 6009026 1 1 417000
wzad 135 63 6009027 1 1 417000
wzad 174 97 6009028 1 1 417000
xinshou 17 21 1001005 5 15 0
xinshou 32 34 1001012 5 15 0
xinshou 50 44 1001013 5 12 0
xinshou 55 22 1001010 5 12 1
xinshou 73 32 1001007 5 12 0
mayidongxue3 33 64 1038001 20 20 0
mayidongxue3 42 55 1037002 20 30 0
mayidongxue3 49 48 1037003 20 30 0
siwangshangu2 19 27 1009005 6 16 1
cangbaoge2 67 45 15020009 1 1 10800
cangbaoge2 20 93 15020007 1 1 10800
cangbaoge2 43 80 15020008 1 1 7200
cangbaoge2 57 66 15020003 1 1 7200
cangbaoge2 43 53 15020002 1 1 7200
cangbaoge2 35 76 15000001 25 8 300
cangbaoge2 47 72 15000002 25 8 300
cangbaoge2 38 63 15000003 25 8 300
cangbaoge2 52 58 15010001 25 5 600
cangbaoge1 28 35 15020005 1 1 7200
cangbaoge1 70 33 15020009 1 1 9800
cangbaoge1 71 76 15020007 1 1 7200
cangbaoge1 13 92 15020008 1 1 7200
cangbaoge1 41 63 15000001 18 10 300
cangbaoge1 53 51 15000002 18 10 300
cangbaoge1 29 76 15000003 18 10 300
cangbaoge1 24 36 15010001 5 2 600
cangbaoge1 26 40 15010002 5 2 600
cangbaoge1 22 40 15010003 5 2 600
cangbaoge1 66 32 15010003 5 2 300
cangbaoge1 72 36 15010002 5 2 600
cangbaoge1 67 36 15010001 5 2 600
cangbaoge1 67 76 15010001 5 2 600
cangbaoge1 68 79 15010002 5 2 600
cangbaoge1 71 80 15010003 5 2 600
cangbaoge1 14 87 15010001 5 2 600
cangbaoge1 17 89 15010002 5 2 600
cangbaoge1 16 93 15010003 5 2 600
cangbaoge2 28 67 15020001 1 1 7200
cangbaoge2 38 69 15010002 20 5 600
cangbaoge2 48 57 15010003 25 5 600
